1530318442.000000, IBI
14.860055,0.937543
16.016358,1.156303
16.907024,0.890666
18.032076,1.125051
19.157127,1.125051
20.204050,1.046923
21.454107,1.250057
22.485404,1.031297
23.641707,1.156303
24.704256,1.062549
31.860834,1.000046
32.860879,1.000046
45.580212,1.062549
46.705263,1.125051
47.736560,1.031297
61.018418,0.890666
62.034090,1.015671
63.018510,0.984420
64.018556,1.000046
65.049853,1.031297
66.003021,0.953169
95.816886,1.078174
96.957563,1.140677
98.020112,1.062549
99.145164,1.125051
100.176461,1.031297
101.223384,1.046923
102.239055,1.015671
103.176598,0.937543
104.176644,1.000046
105.192315,1.015671
106.161110,0.968794
107.254910,1.093800
108.286207,1.031297
109.348756,1.062549
110.364427,1.015671
111.317596,0.953169
112.317641,1.000046
113.286436,0.968794
134.615537,0.906291
135.584332,0.968794
136.600003,1.015671
137.584423,0.984420
138.646972,1.062549
158.210367,0.984420
159.069782,0.859414
159.991699,0.921917
160.897990,0.906291
161.694902,0.796911
162.491813,0.796911
163.273099,0.781286
164.054385,0.781286
164.898173,0.843789
165.804465,0.906291
166.679505,0.875040
175.414280,0.906291
176.304945,0.890666
177.367494,1.062549
178.476920,1.109426
179.414463,0.937543
180.320754,0.906291
188.805518,0.875040
189.524301,0.718783
208.900187,0.734409
209.618970,0.718783
210.353379,0.734409
211.040910,0.687531
211.744068,0.703157
212.494102,0.750034
228.072940,1.000046
254.996047,0.671906
255.746082,0.750034
256.355485,0.609403
257.027390,0.671906
266.574703,0.656280
267.293485,0.718783
270.653014,0.546900
271.403049,0.750034
271.965574,0.562526
285.825584,0.718783
321.499092,0.781286
322.233500,0.734409
323.014786,0.781286
327.530618,0.687531
331.858941,0.718783
341.187493,0.859414
341.921901,0.734409
342.671936,0.750034
343.468847,0.796911
344.250133,0.781286
345.031419,0.781286
359.938351,0.828163
368.516869,0.734409
369.282529,0.765660
374.985915,0.703157
385.080127,0.671906
385.798910,0.718783
391.611676,0.718783
392.330459,0.718783
393.049242,0.718783
398.893259,0.734409
399.658919,0.765660
400.362077,0.703157
401.127737,0.765660
401.877771,0.750034
409.831260,0.796911
410.612546,0.781286
417.347229,0.578151
435.973082,0.703157
436.707490,0.734409
460.224192,0.843789
485.772236,1.171929
486.866036,1.093800
496.991500,1.125051
497.866540,0.875040
504.069949,0.937543
504.991866,0.921917
505.991912,1.000046
506.929455,0.937543
508.007629,1.078174
508.976423,0.968794
509.804586,0.828163
510.773381,0.968794
511.851555,1.078174
512.929729,1.078174
513.961026,1.031297
515.007949,1.046923
515.929867,0.921917
516.898661,0.968794
517.679947,0.781286
518.445607,0.765660
519.273770,0.828163
524.180244,0.812537
525.055284,0.875040
526.086581,1.031297
527.211633,1.125051
528.321059,1.109426
535.587016,1.031297
536.665191,1.078174
537.680862,1.015671
547.493811,0.828163
548.306349,0.812537
549.087634,0.781286
549.822043,0.734409
556.431720,0.703157
557.228632,0.796911
608.699738,0.906291
609.762287,1.062549
610.684204,0.921917
611.621747,0.937543
612.434284,0.812537
613.559335,1.125051
614.371873,0.812537
650.717286,0.765660
651.451695,0.734409
652.264232,0.812537
655.795644,0.750034
656.358170,0.562526
662.405321,0.875040
663.249110,0.843789
664.186653,0.937543
678.437305,0.812537
697.578807,0.843789
713.970182,1.031297
756.268993,0.796911
759.878533,0.703157
760.597316,0.718783
761.269222,0.671906
762.034882,0.765660
762.738039,0.703157
763.409945,0.671906
764.159979,0.750034
820.428180,0.750034
821.115711,0.687531
855.820425,0.765660
856.726717,0.906291
860.617520,0.796911
861.476934,0.859414
862.367600,0.890666
881.415347,0.843789
882.212258,0.796911
882.993544,0.781286
883.806081,0.812537
909.369751,0.625029
963.872246,0.687531
964.669158,0.796911
965.528572,0.859414
979.779224,0.703157
980.716767,0.937543
1011.811940,0.875040
1014.437061,0.500023
1018.234109,0.671906
1018.952892,0.718783
1019.718552,0.765660
1037.766253,0.765660
1038.766299,1.000046
1039.625714,0.859414
1057.517158,0.875040
1058.548455,1.031297
1059.532875,0.984420
1065.064378,0.843789
1100.644132,0.843789
1101.566049,0.921917
1102.441089,0.875040
1103.347380,0.906291
1104.300549,0.953169
1105.238092,0.937543
1106.128758,0.890666
1110.769595,0.921917
1111.660261,0.890666
1112.629055,0.968794
1113.425967,0.796911
1114.441638,1.015671
1115.238550,0.796911
1146.021209,0.937543
1146.943126,0.921917
1159.896844,0.843789
1160.631253,0.734409
1161.553170,0.921917
1179.038345,1.046923
1179.913385,0.875040
1180.897805,0.984420
1181.804097,0.906291
1182.772891,0.968794
1183.679183,0.906291
1184.616725,0.937543
1185.585520,0.968794
1186.554314,0.968794
1187.523108,0.968794
1197.273555,0.828163
1231.900140,1.031297
1240.369277,0.968794
1241.181815,0.812537
1242.228738,1.046923
1250.150975,1.125051
1251.322904,1.171929
1252.401078,1.078174
1253.479253,1.078174
1254.698058,1.218806
1255.744981,1.046923
1301.325193,0.796911
1302.200233,0.875040
1302.997144,0.796911
1303.809681,0.812537
1304.856604,1.046923
1396.657681,1.343812
1397.892113,1.234432
1399.142170,1.250057
1400.329725,1.187554
1412.049011,1.171929
1421.861960,0.734409
1422.533866,0.671906
1423.299526,0.765660
1426.815312,0.656280
1431.424898,0.734409
1436.753267,0.937543
1437.706435,0.953169
1438.565850,0.859414
1439.472141,0.906291
1440.440936,0.968794
1441.315976,0.875040
1442.112887,0.796911
1442.972301,0.859414
1443.878593,0.906291
1444.675504,0.796911
1475.473789,0.453146
1475.958186,0.484397
1639.590677,0.968794
1640.434465,0.843789
1641.340757,0.906291
1642.325177,0.984420
1643.309597,0.984420
1644.200263,0.890666
1645.153431,0.953169
1646.294108,1.140677
1647.278528,0.984420
1648.419206,1.140677
1649.575509,1.156303
1650.466174,0.890666
1657.435243,1.000046
1658.529043,1.093800
1659.669721,1.140677
1660.872901,1.203180
1662.154209,1.281309
1663.326138,1.171929
1664.513692,1.187554
1665.779375,1.265683
1667.091935,1.312560
1668.232613,1.140677
1669.451418,1.218806
1670.576470,1.125051
1671.748399,1.171929
1672.998456,1.250057
1674.186010,1.187554
1675.389190,1.203180
1676.373610,0.984420
1677.514287,1.140677
1678.623713,1.109426
1679.764390,1.140677
1680.920693,1.156303
